11
AY619961_A_swine_Saskatchewan_18789_02_H1N1_2002 0.0000000 0.4126472 0.4708108 0.4624597 0.4885957 0.9618983 0.9715330 0.8499008 0.9651760 1.5778794 0.9944865 
AY701753_A_swine_IDT_Re230_92_H1N1_1992          0.4126472 0.0000000 0.1468490 0.1604399 0.1737526 1.1374053 1.1492783 0.9670695 1.1740654 1.9578613 1.8264238 
CY009892_A_Swine_Spain_50047_2003_H1N1_2003      0.4708108 0.1468490 0.0000000 0.0820923 0.0886160 1.0046585 1.0382691 0.9380084 1.1496136 1.7801079 1.1309425 
CY010580_A_swine_Spain_53207_2004_H1N1_2004      0.4624597 0.1604399 0.0820923 0.0000000 0.0620965 1.0189535 1.0534278 0.9683771 1.1172860 1.8886602 1.1815399 
CY010572_A_swine_Spain_51915_2003_H1N1_2003      0.4885957 0.1737526 0.0886160 0.0620965 0.0000000 1.0319117 1.0718723 0.9796623 1.1269917 1.8666927 1.1650700 
AY233393_A_duck_NC_91347_01_H1N2_2001            0.9618983 1.1374053 1.0046585 1.0189535 1.0319117 0.0000000 0.0660590 0.2132609 0.2548910 1.1087896 0.7390553 
AY129156_A_Swine_Korea_CY02_02_H1N2_2002         0.9715330 1.1492783 1.0382691 1.0534278 1.0718723 0.0660590 0.0000000 0.2241325 0.2767169 1.0141280 0.7345151 
CY009916_A_swine_Tennessee_25_1977_H1N1_1977     0.8499008 0.9670695 0.9380084 0.9683771 0.9796623 0.2132609 0.2241325 0.0000000 0.2097486 0.9317763 0.6562426 
AY377929_A_swine_Taichung_200-8_2002_H1N1_2002   0.9651760 1.1740654 1.1496136 1.1172860 1.1269917 0.2548910 0.2767169 0.2097486 0.0000000 0.9473918 0.8208877 
AY861443_A_swine_Bakum_1832_2000_H1N2_2000       1.5778794 1.9578613 1.7801079 1.8886602 1.8666927 1.1087896 1.0141280 0.9317763 0.9473918 0.0000000 0.2407316 
AY180460_A_Quail_Nanchang_12-340_2000_H1N1_2000  0.9944865 1.8264238 1.1309425 1.1815399 1.1650700 0.7390553 0.7345151 0.6562426 0.8208877 0.2407316 0.0000000 
