72
Murine_hepatitis_virus_AF208066_                     0.0000000 0.4270573 0.4278414 1.2693189 1.2819008 0.6313549 0.6319706 0.6392519 1.2761882 1.2865567 0.4234028 0.4280897 1.3285189 0.6038899 0.6418358 0.6471517 0.5912820 0.5837580 0.6366079 0.5890197 0.6019785 0.5876093 0.5912820 0.6201086 0.6019785 0.9480637 0.6330201 0.6330201 0.6565102 0.6344889 0.6021296 0.6054855 0.6464202 1.5538920 1.6054595 1.3345615 1.3857579 1.3859757 1.3552517 1.3827210 1.3654032 0.4256649 0.4251838 0.4251719 1.9436603 0.4244756 0.8119788 1.5798229 0.6798699 0.6852974 1.6590593 1.6629983 1.5968859 0.4108717 1.6565159 1.2887414 1.6454941 1.6577397 1.3374250 1.3377725 1.6602815 1.5754180 1.6843382 1.3966924 1.6390048 0.4251870 1.6670232 1.6635987 1.6863801 1.6807549 1.6499476 1.9194918 
Human_coronavirus_HKU1__HCoV-HKU1__AY884001_         0.4270573 0.0000000 0.4344175 1.2683012 1.2778822 0.5955989 0.5962035 0.6466595 1.2730836 1.2860209 0.0553861 0.0198127 1.1843100 0.5435093 0.6408731 0.6462316 0.6167760 0.6214403 0.6356031 0.6152334 0.6278407 0.6130322 0.6167760 0.6496054 0.6278407 0.9918446 0.6570008 0.6570008 0.6737485 0.6454706 0.6347783 0.6384274 0.6508849 1.4770021 1.5093875 1.1907091 1.3143982 1.3143913 1.2666670 1.3135196 1.3079572 0.4310833 0.4301611 0.4296347 1.9159607 0.4295518 0.7193066 1.5109817 0.6886696 0.7361864 1.5910833 1.5708170 1.5321284 0.4207974 1.5782320 1.2750326 1.5478583 1.4752687 1.2137968 1.2131591 1.5631290 1.5150508 1.6398643 1.3225717 1.5229546 0.4352216 1.5511500 1.5412052 1.6225593 1.5864435 1.5778065 1.7854554 
Human_coronavirus_OC43__HCoV-OC43__AY903460_         0.4278414 0.4344175 0.0000000 1.2415347 1.2431605 0.6140449 0.6128014 0.6488139 1.2381799 1.2515613 0.4347961 0.4362509 1.2174705 0.5771823 0.6885633 0.6885633 0.6765324 0.6804360 0.6830218 0.6737976 0.6578084 0.6726875 0.6765324 0.6681036 0.6578084 0.9834321 0.7108090 0.7108090 0.7374211 0.6985865 0.6503236 0.6541371 0.6935931 1.4775598 1.5068964 1.2322564 1.3034401 1.3033583 1.2642603 1.3285950 1.3179090 0.0415201 0.0417085 0.0414877 1.9021462 0.0397644 0.8065897 1.4995230 0.6997445 0.6883075 1.6085513 1.6151897 1.5305512 0.1705404 1.6092488 1.2557900 1.5961918 1.5702832 1.2208501 1.2204871 1.6060763 1.5206056 1.6693598 1.3169968 1.5538148 0.1527709 1.6001880 1.6156694 1.6491211 1.5903066 1.6200476 1.8197096 
Bat_SARS_coronavirus_HKU3-1_DQ022305_                1.2693189 1.2683012 1.2415347 0.0000000 0.1133702 0.6197353 0.6221689 0.6186905 0.1263823 0.1055245 1.2737521 1.2699252 1.2644920 0.6311382 0.5890980 0.5771785 0.5996282 0.5917336 0.5953394 0.5919327 0.5981671 0.5948738 0.5996282 0.5815961 0.5981671 1.0418188 0.6663725 0.6663725 0.6487345 0.6478684 0.5971731 0.5996228 0.6039688 1.5399289 1.5559331 1.2690436 1.3029881 1.3034447 1.2199744 1.2636455 1.2334074 1.2463307 1.2456812 1.2454221 1.8525510 1.2459840 0.6672082 1.6142545 0.6846443 0.6890492 1.6119707 1.6126071 1.5901433 1.2362400 1.6129226 0.1349645 1.5872346 1.5940401 1.2399796 1.2399610 1.6297865 1.5705512 1.5884904 1.3098268 1.5726210 1.2496611 1.5710174 1.5795912 1.6350393 1.7355514 1.6297168 1.8348291 
Bat_SARS_CoV_Rp3_2004_DQ071615_                      1.2819008 1.2778822 1.2431605 0.1133702 0.0000000 0.6045697 0.6069649 0.6107581 0.1278885 0.1035087 1.2853380 1.2813576 1.2610423 0.6175953 0.5952982 0.6073766 0.6132829 0.6161175 0.5962111 0.6223719 0.6126203 0.6085040 0.6132829 0.6012421 0.6126203 0.9746509 0.6680225 0.6680225 0.6583784 0.6626920 0.6118081 0.6143358 0.6099120 1.5208559 1.5326961 1.2592849 1.3010736 1.3013306 1.2224072 1.2576294 1.2268284 1.2445979 1.2428821 1.2424160 1.8655511 1.2439387 0.7387279 1.6123824 0.6916286 0.6911296 1.6032978 1.5924228 1.5773642 1.2461667 1.5879959 0.0772047 1.5896730 1.5925545 1.2387543 1.2390071 1.6215578 1.5529173 1.5964719 1.3091145 1.6012470 1.2529316 1.5542348 1.5610777 1.6341385 1.7165175 1.6163823 1.8391443 
Tylonycteris_bat_coronavirus_HKU4_DQ074652_          0.6313549 0.5955989 0.6140449 0.6197353 0.6045697 0.0000000 0.0010825 0.2212683 0.6035366 0.6244448 0.5987051 0.5973973 0.0300490 0.0213461 0.2407805 0.2440639 0.2398889 0.2473783 0.2375065 0.2510217 0.2440854 0.2369937 0.2398889 0.2521130 0.2440854 0.2024876 0.2455423 0.2455423 0.2456823 0.2421419 0.2397774 0.2443731 0.2414745 0.7155623 0.7116464 0.0000010 0.2212683 0.2212683 0.6177901 0.6150251 0.6432673 0.6103854 0.6086844 0.6086844 1.0257229 0.6122078 0.3466037 0.7497698 0.2921900 0.2859079 0.7132508 0.7202543 0.7141900 0.6304519 0.7370776 0.6043554 0.8388045 0.7720256 0.2353198 0.2347599 0.7298929 0.7020172 0.8207682 0.2160237 0.7995680 0.6047368 0.7833227 0.7491076 0.7603482 0.8252035 0.7326171 0.9924377 
Tylonycteris_bat_coronavirus_HKU4_DQ249216_          0.6319706 0.5962035 0.6128014 0.6221689 0.6069649 0.0010825 0.0000000 0.2206547 0.6041308 0.6250465 0.5993104 0.5980023 0.0296592 0.0213461 0.2407805 0.2440639 0.2398889 0.2473783 0.2375065 0.2510217 0.2440854 0.2369937 0.2398889 0.2521130 0.2440854 0.2024876 0.2455423 0.2455423 0.2456823 0.2421419 0.2397774 0.2443731 0.2414745 0.7182964 0.7143727 0.0010825 0.2206547 0.2206547 0.6183954 0.6137980 0.6419929 0.6091491 0.6074503 0.6074503 1.0250470 0.6109690 0.3466037 0.7504406 0.2921900 0.2859079 0.7139088 0.7188158 0.7148420 0.6291814 0.7377422 0.6067517 0.8395209 0.7704908 0.2357630 0.2352030 0.7284461 0.7026634 0.8237884 0.2159655 0.8002660 0.6035094 0.7840123 0.7519523 0.7588466 0.8282759 0.7311652 0.9917815 
Pipistrellus_bat_coronavirus_HKU5_DQ249219_          0.6392519 0.6466595 0.6488139 0.6186905 0.6107581 0.2212683 0.2206547 0.0000000 0.6020428 0.6242911 0.6387267 0.6392147 0.2332556 0.2693023 0.0550741 0.0601238 0.0704225 0.0625385 0.0576175 0.0650838 0.0550961 0.0680036 0.0704225 0.0630372 0.0550961 0.0576080 0.0462943 0.0462943 0.0518897 0.0517844 0.0531929 0.0584752 0.0558878 0.7620319 0.7584815 0.2212683 0.0000010 0.0000010 0.6324085 0.6596573 0.6301284 0.6539753 0.6582045 0.6582045 1.0253532 0.6538972 0.2485415 0.8459525 0.2035868 0.2126606 0.7746874 0.7771238 0.7622555 0.6640613 0.7670284 0.6137420 0.8773182 0.8472787 0.2074813 0.2085085 0.7730040 0.7579119 0.8148006 0.0313778 0.8317571 0.6480224 0.8057260 0.8052103 0.7706609 0.8741694 0.7659100 1.0346869 
Bat_SARS_CoV_Rf1_2004_ACCESSION                      1.2761882 1.2730836 1.2381799 0.1263823 0.1278885 0.6035366 0.6041308 0.6020428 0.0000000 0.1126328 1.2761767 1.2767647 1.2695779 0.6043318 0.5543605 0.5659383 0.5713573 0.5684257 0.5552167 0.5743707 0.5754556 0.5667323 0.5713573 0.5598642 0.5754556 1.0386181 0.6432489 0.6432489 0.6167956 0.6252301 0.5741930 0.5714358 0.5627698 1.5381796 1.5563056 1.2615235 1.2968949 1.2968002 1.2203177 1.2578066 1.2334699 1.2407507 1.2414463 1.2409823 1.8746953 1.2421685 0.6870464 1.6077099 0.6790634 0.6453203 1.6013819 1.5885379 1.5903186 1.2418345 1.5902450 0.1343414 1.6063456 1.5897048 1.2399226 1.2400600 1.6224018 1.5740250 1.6091387 1.3067738 1.5924894 1.2411626 1.5813190 1.5942669 1.6425169 1.7202465 1.6174328 1.8415610 
Bat_SARS_CoV_Rm1_2004_ACCESSION                      1.2865567 1.2860209 1.2515613 0.1055245 0.1035087 0.6244448 0.6250465 0.6242911 0.1126328 0.0000000 1.2919733 1.2915551 1.2711848 0.6206414 0.6130280 0.6130280 0.6198320 0.5997056 0.6079319 0.5999030 0.6302260 0.6149930 0.6198320 0.6136376 0.6302260 1.0121622 0.6991127 0.6991127 0.7039355 0.6801041 0.6296291 0.6322877 0.6169556 1.5490324 1.5610874 1.2716043 1.3010595 1.3013480 1.2291021 1.2743861 1.2475229 1.2618436 1.2613918 1.2611154 1.8698440 1.2609656 0.6976594 1.6123443 0.7663444 0.7372825 1.5955504 1.5894858 1.5991868 1.2569194 1.5913764 0.1316022 1.6022487 1.6001077 1.2394085 1.2395751 1.6136755 1.5832777 1.6232027 1.3079335 1.5964092 1.2632302 1.5693686 1.5755589 1.6466859 1.7129556 1.6118000 1.8420671 
Human_coronavirus_HKU1__HCoV-HKU1__DQ415904_         0.4234028 0.0553861 0.4347961 1.2737521 1.2853380 0.5987051 0.5993104 0.6387267 1.2761767 1.2919733 0.0000000 0.0424059 1.1855079 0.5545251 0.6343779 0.6397035 0.6221197 0.6267967 0.6291392 0.6205630 0.6214391 0.6183740 0.6221197 0.6430061 0.6214391 0.9674909 0.6640024 0.6640024 0.6664598 0.6524038 0.6282318 0.6318280 0.6442048 1.4708217 1.5068832 1.1914739 1.3191332 1.3191264 1.2604192 1.3040540 1.2993053 0.4337285 0.4323628 0.4320053 1.9102433 0.4319818 0.7535479 1.4941400 0.6670341 0.7363042 1.5844136 1.5596554 1.5339801 0.4237081 1.5718300 1.2766057 1.5324068 1.4526531 1.2186120 1.2178274 1.5535557 1.5057260 1.6382166 1.3260817 1.5176884 0.4341273 1.5410409 1.5134029 1.6101736 1.5681907 1.5552803 1.7921599 
Human_coronavirus_HKU1__HCoV-HKU1__DQ415912_         0.4280897 0.0198127 0.4362509 1.2699252 1.2813576 0.5973973 0.5980023 0.6392147 1.2767647 1.2915551 0.0424059 0.0000000 1.1856058 0.5507733 0.6424311 0.6478031 0.6182703 0.6229451 0.6371480 0.6167215 0.6293623 0.6145204 0.6182703 0.6511975 0.6293623 0.9929291 0.6730372 0.6730372 0.6755349 0.6613280 0.6363421 0.6400079 0.6524982 1.4712459 1.5077519 1.1916979 1.3136795 1.3136726 1.2648713 1.3097922 1.3016941 0.4339023 0.4324983 0.4319696 1.9121581 0.4322508 0.7658629 1.5081411 0.6765012 0.7317343 1.5956559 1.5680415 1.5324705 0.4235015 1.5792315 1.2811633 1.5410905 1.4653754 1.2155921 1.2147711 1.5612334 1.5062204 1.6382973 1.3204810 1.5301670 0.4370014 1.5563604 1.5393307 1.6195884 1.5860498 1.5737927 1.7940904 
Bat_coronavirus__BtCoV_133_2005__DQ648794_           1.3285189 1.1843100 1.2174705 1.2644920 1.2610423 0.0300490 0.0296592 0.2332556 1.2695779 1.2711848 1.1855079 1.1856058 0.0000000 0.0116644 0.2593365 0.2626903 0.2583609 0.2660716 0.2559943 0.2698161 0.2627075 0.2554331 0.2583609 0.2709985 0.2627075 0.8012811 0.2546510 0.2546510 0.2624564 0.2512079 0.2584812 0.2598717 0.2603375 1.6029524 1.6254905 0.0410677 0.4152509 0.4150995 1.3145592 1.3503754 1.3369027 1.2197417 1.2164951 1.2171489 2.0178722 1.2161946 0.3456483 1.6369456 0.2943947 0.2894981 1.6726296 1.6741054 1.6497965 1.2112694 1.6778553 1.2661163 1.6884507 1.5969997 0.4821532 0.4806924 1.6854474 1.6238947 1.7240153 0.4127611 1.6626352 1.2087365 1.6718212 1.6563381 1.6858103 1.8343013 1.6838371 1.8880265 
Bat_coronavirus__BtCoV_242_2005__DQ648803_           0.6038899 0.5435093 0.5771823 0.6311382 0.6175953 0.0213461 0.0213461 0.2693023 0.6043318 0.6206414 0.5545251 0.5507733 0.0116644 0.0000000 0.2385574 0.2418483 0.2376714 0.2451708 0.2352756 0.2488200 0.2418703 0.2376714 0.2376714 0.2528418 0.2418703 0.1941451 0.2546510 0.2546510 0.2624564 0.2512079 0.2404712 0.2450846 0.2392184 0.6658485 0.6491317 0.0213461 0.2693023 0.2693023 0.6871514 0.6990795 0.7339954 0.5870013 0.5750800 0.5750800 0.9473218 0.5785383 0.3456483 0.7850865 0.2943947 0.2894981 0.6387286 0.6699712 0.7574168 0.5548478 0.6797307 0.6152296 0.8154286 0.7967170 0.3001558 0.3001558 0.6518509 0.6345052 0.8570709 0.2544152 0.7730789 0.5872118 0.7246106 0.6433270 0.7078108 0.8144578 0.6927230 0.8447375 
Bat_coronavirus__BtCoV_301_2005__DQ648804_           0.6418358 0.6408731 0.6885633 0.5890980 0.5952982 0.2407805 0.2407805 0.0550741 0.5543605 0.6130280 0.6343779 0.6424311 0.2593365 0.2385574 0.0000000 0.0045757 0.0426153 0.0280083 0.0022840 0.0304060 0.0352519 0.0427135 0.0426153 0.0403844 0.0352519 0.0442562 0.0545487 0.0545487 0.0574574 0.0492553 0.0357220 0.0407926 0.0023172 0.6153433 0.6000815 0.2446086 0.0576397 0.0576397 0.6809081 0.6838410 0.6594845 0.6926653 0.6920291 0.6920291 0.8794152 0.6829080 0.2433739 0.6748772 0.1935821 0.2359427 0.7887757 0.7470073 0.6649372 0.6129751 0.7220020 0.5861787 0.7453094 0.9417104 0.1909598 0.1875214 0.7125277 0.5940834 0.7917707 0.0625147 0.7122784 0.6994050 0.7029772 0.6894493 0.6901671 0.8368130 0.6963621 0.8189933 
Bat_coronavirus__BtCoV_303_2005__DQ648805_           0.6471517 0.6462316 0.6885633 0.5771785 0.6073766 0.2440639 0.2440639 0.0601238 0.5659383 0.6130280 0.6397035 0.6478031 0.2626903 0.2418483 0.0045757 0.0000000 0.0426153 0.0280083 0.0068809 0.0304060 0.0304217 0.0427135 0.0426153 0.0354793 0.0304217 0.0442562 0.0600271 0.0600271 0.0629791 0.0546979 0.0308253 0.0358368 0.0069812 0.6153433 0.6000815 0.2479079 0.0627155 0.0627155 0.6809081 0.6838410 0.6594845 0.6926653 0.6920291 0.6920291 0.8794150 0.6829080 0.2433739 0.6748772 0.2009517 0.2317674 0.7978991 0.7557792 0.6727817 0.6182071 0.7162277 0.5981085 0.7391114 0.9490376 0.1940088 0.1905563 0.7067852 0.5940834 0.7917707 0.0676176 0.7122784 0.6994050 0.7029831 0.6837611 0.6983076 0.8302523 0.6906830 0.8189933 
Bat_coronavirus__BtCoV_309_2005__DQ648806_           0.5912820 0.6167760 0.6765324 0.5996282 0.6132829 0.2398889 0.2398889 0.0704225 0.5713573 0.6198320 0.6221197 0.6182703 0.2583609 0.2376714 0.0426153 0.0426153 0.0000000 0.0279875 0.0402033 0.0303833 0.0256287 0.0000010 0.0000010 0.0329822 0.0256287 0.0570517 0.0598392 0.0598392 0.0627807 0.0654375 0.0259664 0.0309194 0.0408087 0.6164035 0.6010939 0.2436994 0.0730698 0.0730698 0.7039241 0.6857494 0.6752949 0.6795034 0.6788742 0.6788742 0.8648856 0.6698933 0.2538058 0.6851381 0.2111529 0.2199909 0.7726337 0.7871610 0.6445272 0.6073154 0.7261639 0.6092761 0.7500731 0.9433688 0.1964811 0.1930268 0.7030508 0.5896462 0.7763030 0.0754971 0.7389238 0.6928758 0.7028895 0.6709955 0.6733490 0.8537122 0.6936436 0.8428403 
Bat_coronavirus__BtCoV_310A__2005__DQ648807_         0.5837580 0.6214403 0.6804360 0.5917336 0.6161175 0.2473783 0.2473783 0.0625385 0.5684257 0.5997056 0.6267967 0.6229451 0.2660716 0.2451708 0.0280083 0.0280083 0.0279875 0.0000000 0.0304197 0.0068634 0.0208385 0.0280509 0.0279875 0.0403408 0.0208385 0.0638256 0.0651136 0.0651136 0.0736189 0.0652459 0.0211115 0.0259961 0.0308736 0.6143112 0.6106917 0.2512375 0.0651378 0.0651378 0.6935481 0.6964376 0.6779009 0.6971791 0.6965412 0.6965412 0.8914979 0.6873820 0.2441720 0.6827271 0.2078946 0.2466423 0.7947018 0.7737887 0.6595258 0.6110753 0.7011592 0.6067126 0.7446683 0.9136524 0.1968593 0.1933968 0.6911907 0.6045687 0.7787765 0.0752407 0.7190866 0.7039178 0.6945914 0.6630259 0.6900128 0.8417642 0.6818866 0.8019813 
Bat_coronavirus__BtCoV_311A__2005__DQ648808_         0.6366079 0.6356031 0.6830218 0.5953394 0.5962111 0.2375065 0.2375065 0.0576175 0.5552167 0.6079319 0.6291392 0.6371480 0.2559943 0.2352756 0.0022840 0.0068809 0.0402033 0.0304197 0.0000000 0.0328286 0.0376982 0.0402958 0.0402033 0.0428704 0.0376982 0.0509260 0.0573074 0.0573074 0.0602390 0.0519938 0.0382024 0.0433051 0.0000010 0.6219259 0.6065418 0.2413191 0.0601972 0.0601972 0.6753226 0.6782768 0.6539904 0.6870656 0.6864320 0.6864320 0.8726951 0.6773657 0.2391853 0.6694319 0.1973458 0.2324348 0.7826533 0.7410617 0.6595043 0.6078343 0.7293416 0.5923436 0.7392084 0.9345591 0.1943337 0.1908749 0.7068668 0.5890185 0.7856221 0.0650876 0.7134336 0.6938011 0.7040878 0.6905341 0.6845639 0.8303639 0.6907617 0.8126874 
Bat_coronavirus__BtCoV_355A_2005__DQ648809_          0.5890197 0.6152334 0.6737976 0.5919327 0.6223719 0.2510217 0.2510217 0.0650838 0.5743707 0.5999030 0.6205630 0.6167215 0.2698161 0.2488200 0.0304060 0.0304060 0.0303833 0.0068634 0.0328286 0.0000000 0.0232021 0.0304523 0.0303833 0.0428047 0.0232021 0.0706091 0.0678763 0.0678763 0.0764275 0.0680144 0.0235068 0.0284199 0.0333195 0.6080939 0.6045163 0.2549032 0.0676962 0.0676962 0.6800337 0.6967472 0.6645738 0.6903895 0.6897553 0.6897553 0.8831413 0.6806700 0.2395497 0.6696732 0.2114287 0.2427498 0.7945696 0.7736634 0.6786297 0.6291283 0.6883731 0.6128868 0.7523723 0.9212555 0.1902506 0.1868259 0.6910952 0.5984702 0.7865240 0.0778362 0.7265023 0.6971175 0.6949077 0.6698758 0.6960101 0.8267583 0.6817938 0.8018481 
Bat_coronavirus__BtCoV_359A_2005__DQ648810_          0.6019785 0.6278407 0.6578084 0.5981671 0.6126203 0.2440854 0.2440854 0.0550961 0.5754556 0.6302260 0.6214391 0.6293623 0.2627075 0.2418703 0.0352519 0.0304217 0.0256287 0.0208385 0.0376982 0.0232021 0.0000000 0.0256867 0.0256287 0.0330644 0.0000010 0.0374123 0.0516166 0.0516166 0.0599204 0.0517210 0.0000010 0.0046496 0.0382650 0.6398157 0.6241268 0.2479285 0.0576631 0.0576631 0.6944303 0.6835468 0.6661404 0.6730778 0.6724525 0.6724525 0.8862828 0.6635461 0.2527311 0.6706006 0.2157499 0.2356072 0.7917525 0.7848826 0.6795574 0.6182701 0.6857034 0.6032432 0.7478910 0.9310244 0.2004341 0.1969472 0.6884168 0.6053594 0.7724273 0.0727858 0.7028568 0.6924120 0.6763289 0.6642427 0.6918824 0.8446245 0.6791155 0.8122229 
Bat_coronavirus__BtCoV_363A_2005__DQ648811_          0.5876093 0.6130322 0.6726875 0.5948738 0.6085040 0.2369937 0.2369937 0.0680036 0.5667323 0.6149930 0.6183740 0.6145204 0.2554331 0.2376714 0.0427135 0.0427135 0.0000010 0.0280509 0.0402958 0.0304523 0.0256867 0.0000000 0.0000010 0.0329822 0.0256867 0.0570517 0.0598392 0.0598392 0.0627807 0.0654375 0.0259664 0.0309194 0.0409040 0.6126225 0.5973392 0.2407961 0.0706442 0.0706442 0.6999904 0.6818625 0.6713829 0.6756315 0.6750027 0.6750027 0.8607270 0.6660396 0.2538058 0.6813209 0.2111529 0.2199909 0.7686341 0.7831146 0.6407467 0.6035856 0.7222685 0.6045260 0.7459719 0.9390595 0.1937198 0.1902732 0.6991654 0.5859272 0.7722918 0.0730722 0.7348831 0.6890110 0.6989558 0.6671104 0.6694656 0.8495728 0.6897584 0.8387511 
Bat_coronavirus__BtCoV_364A_2005__DQ648812_          0.5912820 0.6167760 0.6765324 0.5996282 0.6132829 0.2398889 0.2398889 0.0704225 0.5713573 0.6198320 0.6221197 0.6182703 0.2583609 0.2376714 0.0426153 0.0426153 0.0000010 0.0279875 0.0402033 0.0303833 0.0256287 0.0000010 0.0000000 0.0329822 0.0256287 0.0570517 0.0598392 0.0598392 0.0627807 0.0654375 0.0259664 0.0309194 0.0408087 0.6164035 0.6010939 0.2436994 0.0730698 0.0730698 0.7039241 0.6857494 0.6752949 0.6795034 0.6788742 0.6788742 0.8648856 0.6698933 0.2538058 0.6851381 0.2111529 0.2199909 0.7726337 0.7871610 0.6445272 0.6073154 0.7261639 0.6092761 0.7500731 0.9433688 0.1964811 0.1930268 0.7030508 0.5896462 0.7763030 0.0754971 0.7389238 0.6928758 0.7028895 0.6709955 0.6733490 0.8537122 0.6936436 0.8428403 
Bat_coronavirus__BtCoV_365A_2005__DQ648813_          0.6201086 0.6496054 0.6681036 0.5815961 0.6012421 0.2521130 0.2521130 0.0630372 0.5598642 0.6136376 0.6430061 0.6511975 0.2709985 0.2528418 0.0403844 0.0354793 0.0329822 0.0403408 0.0428704 0.0428047 0.0330644 0.0329822 0.0329822 0.0000000 0.0330644 0.0574009 0.0684563 0.0684563 0.0604423 0.0686465 0.0333638 0.0384199 0.0434349 0.6160444 0.6006731 0.2521130 0.0630372 0.0630372 0.6696840 0.6793184 0.6418064 0.6909742 0.6903375 0.6903375 0.8973319 0.6812151 0.2638307 0.6833364 0.2089581 0.2210859 0.7790809 0.7648086 0.6696989 0.6214599 0.7121018 0.5920092 0.7436081 0.9530434 0.2008627 0.2008627 0.6952523 0.5939933 0.7664361 0.0628758 0.7156828 0.6913697 0.7182396 0.6856248 0.6865848 0.8824564 0.6982891 0.8135296 
Bat_coronavirus__BtCoV_367A_2005__DQ648814_          0.6019785 0.6278407 0.6578084 0.5981671 0.6126203 0.2440854 0.2440854 0.0550961 0.5754556 0.6302260 0.6214391 0.6293623 0.2627075 0.2418703 0.0352519 0.0304217 0.0256287 0.0208385 0.0376982 0.0232021 0.0000010 0.0256867 0.0256287 0.0330644 0.0000000 0.0374123 0.0516166 0.0516166 0.0599204 0.0517210 0.0000010 0.0046496 0.0382650 0.6398157 0.6241268 0.2479285 0.0576631 0.0576631 0.6944303 0.6835468 0.6661404 0.6730778 0.6724525 0.6724525 0.8862828 0.6635461 0.2527311 0.6706006 0.2157499 0.2356072 0.7917525 0.7848826 0.6795574 0.6182701 0.6857034 0.6032432 0.7478910 0.9310244 0.2004341 0.1969472 0.6884168 0.6053594 0.7724273 0.0727858 0.7028568 0.6924120 0.6763289 0.6642427 0.6918824 0.8446245 0.6791155 0.8122229 
Bat_coronavirus__BtCoV_A421_2005__DQ648815_          0.9480637 0.9918446 0.9834321 1.0418188 0.9746509 0.2024876 0.2024876 0.0576080 1.0386181 1.0121622 0.9674909 0.9929291 0.8012811 0.1941451 0.0442562 0.0442562 0.0570517 0.0638256 0.0509260 0.0706091 0.0374123 0.0570517 0.0570517 0.0574009 0.0374123 0.0000000 0.0060571 0.0060571 0.0437449 0.0000010 0.0374123 0.0374123 0.0509260 1.0269705 0.9897341 0.7884752 0.7226006 0.7226006 1.0770322 1.1083043 1.0684139 1.0048486 1.0345993 1.0345993 0.4811854 1.0308727 0.1944042 1.1851582 0.1473299 0.2348226 1.0431721 1.1342107 1.1419562 0.9046579 1.0781873 0.9649723 1.1676885 1.2536753 0.7630965 0.7630965 1.0979328 1.0974172 1.2231641 0.6955588 1.1399200 1.0133118 1.0197619 1.0556742 1.2159057 1.0362565 1.1574938 0.7019031 
Bat_coronavirus__BtCoV_427_2005__DQ648816_           0.6330201 0.6570008 0.7108090 0.6663725 0.6680225 0.2455423 0.2455423 0.0462943 0.6432489 0.6991127 0.6640024 0.6730372 0.2546510 0.2546510 0.0545487 0.0600271 0.0598392 0.0651136 0.0573074 0.0678763 0.0516166 0.0598392 0.0598392 0.0684563 0.0516166 0.0060571 0.0000000 0.0000010 0.0431020 0.0098517 0.0517463 0.0571222 0.0573074 0.6970875 0.6788901 0.2455423 0.0462943 0.0462943 0.7377453 0.7498662 0.7288136 0.7281860 0.7349815 0.7349815 1.0174348 0.7245976 0.2504561 0.7347430 0.2147895 0.2366692 0.8509830 0.8269102 0.7222392 0.6770949 0.7119930 0.6653103 0.8330919 0.9735520 0.1969898 0.1969898 0.7350626 0.6363021 0.8310956 0.0623892 0.8176557 0.7434643 0.7355324 0.7210987 0.7588042 0.8679186 0.7137378 0.9231898 
Bat_coronavirus__BtCoV_A429_2005__DQ648817_          0.6330201 0.6570008 0.7108090 0.6663725 0.6680225 0.2455423 0.2455423 0.0462943 0.6432489 0.6991127 0.6640024 0.6730372 0.2546510 0.2546510 0.0545487 0.0600271 0.0598392 0.0651136 0.0573074 0.0678763 0.0516166 0.0598392 0.0598392 0.0684563 0.0516166 0.0060571 0.0000010 0.0000000 0.0431020 0.0098517 0.0517463 0.0571222 0.0573074 0.6970875 0.6788901 0.2455423 0.0462943 0.0462943 0.7377453 0.7498662 0.7288136 0.7281860 0.7349815 0.7349815 1.0174348 0.7245976 0.2504561 0.7347430 0.2147895 0.2366692 0.8509830 0.8269102 0.7222392 0.6770949 0.7119930 0.6653103 0.8330919 0.9735520 0.1969898 0.1969898 0.7350626 0.6363021 0.8310956 0.0623892 0.8176557 0.7434643 0.7355324 0.7210987 0.7588042 0.8679186 0.7137378 0.9231898 
Bat_coronavirus__BtCoV_A434_2005__DQ648819_          0.6565102 0.6737485 0.7374211 0.6487345 0.6583784 0.2456823 0.2456823 0.0518897 0.6167956 0.7039355 0.6664598 0.6755349 0.2624564 0.2624564 0.0574574 0.0629791 0.0627807 0.0736189 0.0602390 0.0764275 0.0599204 0.0627807 0.0627807 0.0604423 0.0599204 0.0437449 0.0431020 0.0431020 0.0000000 0.0379572 0.0600724 0.0655279 0.0602390 0.7039367 0.6856163 0.2456823 0.0518897 0.0518897 0.6990324 0.7233623 0.6753825 0.7554308 0.7624104 0.7624104 0.9866742 0.7516697 0.2512097 0.7408129 0.2046983 0.2382341 0.8654107 0.7856877 0.7418712 0.7163422 0.7402207 0.6698053 0.8299212 1.0328972 0.1800543 0.1800543 0.7186873 0.6627507 0.8618277 0.0544867 0.8457740 0.7632638 0.7864126 0.7709556 0.7768158 0.8927687 0.6988294 0.9033071 
Bat_coronavirus__BtCoV_A437_2005__DQ648820_          0.6344889 0.6454706 0.6985865 0.6478684 0.6626920 0.2421419 0.2421419 0.0517844 0.6252301 0.6801041 0.6524038 0.6613280 0.2512079 0.2512079 0.0492553 0.0546979 0.0654375 0.0652459 0.0519938 0.0680144 0.0517210 0.0654375 0.0654375 0.0686465 0.0517210 0.0000010 0.0098517 0.0098517 0.0379572 0.0000000 0.0518512 0.0572381 0.0519938 0.6778242 0.6599824 0.2421419 0.0517844 0.0517844 0.7174604 0.7293748 0.7086440 0.7157139 0.7224416 0.7224416 1.0208783 0.7121960 0.2415342 0.7087092 0.2079933 0.2374712 0.8453480 0.8049054 0.7025803 0.6786956 0.7137150 0.6599980 0.8266278 0.9760763 0.2007435 0.2007435 0.7293115 0.6182188 0.8248546 0.0625602 0.8113125 0.7234413 0.7296308 0.7298034 0.7678158 0.8701056 0.7091848 0.9088256 
Bat_coronavirus__BtCoV_A906_2005__DQ648846_          0.6021296 0.6347783 0.6503236 0.5971731 0.6118081 0.2397774 0.2397774 0.0531929 0.5741930 0.6296291 0.6282318 0.6363421 0.2584812 0.2404712 0.0357220 0.0308253 0.0259664 0.0211115 0.0382024 0.0235068 0.0000010 0.0259664 0.0259664 0.0333638 0.0000010 0.0374123 0.0517463 0.0517463 0.0600724 0.0518512 0.0000000 0.0046496 0.0385309 0.6383154 0.6224509 0.2397774 0.0531929 0.0531929 0.6870937 0.6772676 0.6596666 0.6743885 0.6737527 0.6737527 0.8803677 0.6646943 0.2536813 0.6632853 0.2164217 0.2363437 0.7921947 0.7852292 0.6785327 0.6127594 0.6847483 0.6023184 0.7394793 0.9336646 0.1963347 0.1963347 0.6874928 0.5967308 0.7830656 0.0657831 0.6968793 0.6876265 0.6701975 0.6580273 0.6834561 0.8524498 0.6791572 0.8044111 
Bat_coronavirus__BtCoV_908_2005__DQ648847_           0.6054855 0.6384274 0.6541371 0.5996228 0.6143358 0.2443731 0.2443731 0.0584752 0.5714358 0.6322877 0.6318280 0.6400079 0.2598717 0.2450846 0.0407926 0.0358368 0.0309194 0.0259961 0.0433051 0.0284199 0.0046496 0.0309194 0.0309194 0.0384199 0.0046496 0.0374123 0.0571222 0.0571222 0.0655279 0.0572381 0.0046496 0.0000000 0.0436802 0.6475293 0.6314397 0.2443731 0.0584752 0.0584752 0.6912599 0.6813258 0.6636141 0.6784276 0.6777868 0.6777868 0.8851170 0.6686448 0.2584054 0.6606359 0.2237303 0.2437606 0.7897499 0.7984704 0.6825480 0.6162358 0.6903310 0.6047712 0.7431121 0.9516845 0.1941544 0.1941544 0.6931209 0.6053278 0.7944463 0.0712022 0.7072562 0.6788796 0.6814407 0.6690175 0.6876541 0.8753223 0.6847070 0.8193103 
Bat_coronavirus__BtCoV_A957_2005__DQ648853_          0.6464202 0.6508849 0.6935931 0.6039688 0.6099120 0.2414745 0.2414745 0.0558878 0.5627698 0.6169556 0.6442048 0.6524982 0.2603375 0.2392184 0.0023172 0.0069812 0.0408087 0.0308736 0.0000010 0.0333195 0.0382650 0.0409040 0.0408087 0.0434349 0.0382650 0.0509260 0.0573074 0.0573074 0.0602390 0.0519938 0.0385309 0.0436802 0.0000000 0.6315073 0.6156763 0.2414745 0.0558878 0.0558878 0.6801172 0.6888007 0.6582952 0.7043528 0.7036987 0.7036987 0.8897094 0.6942833 0.2391853 0.6784817 0.1973458 0.2324348 0.7972592 0.7605424 0.6701573 0.6162576 0.7479454 0.6058869 0.7445249 0.9624215 0.1938783 0.1938783 0.7247375 0.5908676 0.8066905 0.0633224 0.7241255 0.7047017 0.7084260 0.6945485 0.6941640 0.8499960 0.7081244 0.8260989 
PRCV_ISU-1__PRCV__DQ811787_                          1.5538920 1.4770021 1.4775598 1.5399289 1.5208559 0.7155623 0.7182964 0.7620319 1.5381796 1.5490324 1.4708217 1.4712459 1.6029524 0.6658485 0.6153433 0.6153433 0.6164035 0.6143112 0.6219259 0.6080939 0.6398157 0.6126225 0.6164035 0.6160444 0.6398157 1.0269705 0.6970875 0.6970875 0.7039367 0.6778242 0.6383154 0.6475293 0.6315073 0.0000000 0.0256570 1.5964800 1.6455015 1.6455478 1.5881443 1.6314226 1.5958804 1.4820646 1.4833350 1.4843469 1.7606963 1.4844055 0.8720432 0.6272024 0.8426043 0.7526363 1.5857484 1.5725050 0.2597486 1.5039437 1.6038283 1.5285468 0.9893528 0.9544979 1.5955966 1.5968512 1.6063307 0.1683460 1.0099746 1.6543516 1.0272067 1.4848506 0.9849009 0.9832297 1.0106043 1.6704749 1.5859857 1.7016299 
TGEV_Purdue_P115__TGEV__DQ811788_                    1.6054595 1.5093875 1.5068964 1.5559331 1.5326961 0.7116464 0.7143727 0.7584815 1.5563056 1.5610874 1.5068832 1.5077519 1.6254905 0.6491317 0.6000815 0.6000815 0.6010939 0.6106917 0.6065418 0.6045163 0.6241268 0.5973392 0.6010939 0.6006731 0.6241268 0.9897341 0.6788901 0.6788901 0.6856163 0.6599824 0.6224509 0.6314397 0.6156763 0.0256570 0.0000000 1.6196791 1.6652327 1.6652805 1.6110565 1.6592628 1.6083124 1.5158046 1.5187381 1.5197131 1.7608141 1.5183779 0.8646465 0.6435354 0.8200528 0.7391557 1.5981782 1.5845954 0.2679900 1.5295759 1.6132013 1.5432685 0.9994978 0.9812192 1.6034695 1.6048967 1.6145491 0.1701177 1.0376886 1.6741442 1.0462276 1.5130707 1.0089795 1.0100137 1.0420970 1.7030462 1.5954739 1.7107093 
Bat_coronavirus_HKU4-3_EF065507_                     1.3345615 1.1907091 1.2322564 1.2690436 1.2592849 0.0000010 0.0010825 0.2212683 1.2615235 1.2716043 1.1914739 1.1916979 0.0410677 0.0213461 0.2446086 0.2479079 0.2436994 0.2512375 0.2413191 0.2549032 0.2479285 0.2407961 0.2436994 0.2521130 0.2479285 0.7884752 0.2455423 0.2455423 0.2456823 0.2421419 0.2397774 0.2443731 0.2414745 1.5964800 1.6196791 0.0000000 0.4196271 0.4195348 1.3118484 1.3487099 1.3418583 1.2300974 1.2272002 1.2275798 2.0205616 1.2272101 0.3466037 1.6356264 0.2921900 0.2859079 1.6747649 1.6664255 1.6500517 1.2154704 1.6778744 1.2642353 1.6891295 1.5953757 0.4820269 0.4802421 1.6883360 1.6201412 1.7173943 0.4162541 1.6621618 1.2172110 1.6734296 1.6445572 1.6774050 1.8279074 1.6823413 1.8965379 
Bat_coronavirus_HKU5-2_EF065510_                     1.3857579 1.3143982 1.3034401 1.3029881 1.3010736 0.2212683 0.2206547 0.0000010 1.2968949 1.3010595 1.3191332 1.3136795 0.4152509 0.2693023 0.0576397 0.0627155 0.0730698 0.0651378 0.0601972 0.0676962 0.0576631 0.0706442 0.0730698 0.0630372 0.0576631 0.7226006 0.0462943 0.0462943 0.0518897 0.0517844 0.0531929 0.0584752 0.0558878 1.6455015 1.6652327 0.4196271 0.0000000 0.0001282 1.4059306 1.4347833 1.4026223 1.3073629 1.3042528 1.3050431 2.0098806 1.3035228 0.2485415 1.7256626 0.2035868 0.2126606 1.7917073 1.7860397 1.7127833 1.2883759 1.7983656 1.3090228 1.7771626 1.7351592 0.4577884 0.4571971 1.8105533 1.6837138 1.7320215 0.0413261 1.7293492 1.3069534 1.7245365 1.7383863 1.7447566 1.9110483 1.7876614 2.0109570 
Bat_coronavirus_HKU5-5_EF065512_                     1.3859757 1.3143913 1.3033583 1.3034447 1.3013306 0.2212683 0.2206547 0.0000010 1.2968002 1.3013480 1.3191264 1.3136726 0.4150995 0.2693023 0.0576397 0.0627155 0.0730698 0.0651378 0.0601972 0.0676962 0.0576631 0.0706442 0.0730698 0.0630372 0.0576631 0.7226006 0.0462943 0.0462943 0.0518897 0.0517844 0.0531929 0.0584752 0.0558878 1.6455478 1.6652805 0.4195348 0.0001282 0.0000000 1.4060760 1.4350850 1.4025433 1.3075022 1.3043917 1.3051820 2.0094443 1.3036618 0.2485415 1.7250931 0.2035868 0.2126606 1.7916213 1.7857227 1.7126325 1.2881676 1.7977764 1.3091557 1.7765584 1.7350249 0.4576753 0.4570841 1.8102288 1.6835656 1.7312302 0.0412552 1.7290160 1.3064601 1.7242120 1.7389889 1.7446768 1.9109605 1.7875757 2.0108500 
Bat_coronavirus_HKU9-1_EF065513_                     1.3552517 1.2666670 1.2642603 1.2199744 1.2224072 0.6177901 0.6183954 0.6324085 1.2203177 1.2291021 1.2604192 1.2648713 1.3145592 0.6871514 0.6809081 0.6809081 0.7039241 0.6935481 0.6753226 0.6800337 0.6944303 0.6999904 0.7039241 0.6696840 0.6944303 1.0770322 0.7377453 0.7377453 0.6990324 0.7174604 0.6870937 0.6912599 0.6801172 1.5881443 1.6110565 1.3118484 1.4059306 1.4060760 0.0000000 0.3302042 0.2676797 1.2695776 1.2673269 1.2686026 1.8565466 1.2692498 0.6412343 1.6556892 0.6563155 0.7996541 1.5997501 1.6120657 1.6160821 1.2909154 1.6122469 1.2268162 1.6519319 1.5698463 1.3656750 1.3642036 1.6165135 1.6285607 1.6729082 1.4124219 1.6275895 1.2882957 1.6297098 1.6119005 1.6561904 1.6614738 1.6155734 1.8053988 
Bat_coronavirus_HKU9-3_EF065515_                     1.3827210 1.3135196 1.3285950 1.2636455 1.2576294 0.6150251 0.6137980 0.6596573 1.2578066 1.2743861 1.3040540 1.3097922 1.3503754 0.6990795 0.6838410 0.6838410 0.6857494 0.6964376 0.6782768 0.6967472 0.6835468 0.6818625 0.6857494 0.6793184 0.6835468 1.1083043 0.7498662 0.7498662 0.7233623 0.7293748 0.6772676 0.6813258 0.6888007 1.6314226 1.6592628 1.3487099 1.4347833 1.4350850 0.3302042 0.0000000 0.2661581 1.3313686 1.3313748 1.3326645 1.8646268 1.3335208 0.7293537 1.6957668 0.7818871 0.8228242 1.6324961 1.6284034 1.6430160 1.3362978 1.6260800 1.2597828 1.6769778 1.6172475 1.3912270 1.3913636 1.6337668 1.6407283 1.6897777 1.4392117 1.6660091 1.3312559 1.6813236 1.6689389 1.6778393 1.6751427 1.6466563 1.8691919 
Bat_coronavirus_HKU9-4_EF065516_                     1.3654032 1.3079572 1.3179090 1.2334074 1.2268284 0.6432673 0.6419929 0.6301284 1.2334699 1.2475229 1.2993053 1.3016941 1.3369027 0.7339954 0.6594845 0.6594845 0.6752949 0.6779009 0.6539904 0.6645738 0.6661404 0.6713829 0.6752949 0.6418064 0.6661404 1.0684139 0.7288136 0.7288136 0.6753825 0.7086440 0.6596666 0.6636141 0.6582952 1.5958804 1.6083124 1.3418583 1.4026223 1.4025433 0.2676797 0.2661581 0.0000000 1.3026977 1.3037624 1.3052795 1.8570337 1.3068446 0.6728775 1.6357952 0.6726008 0.7997368 1.5992827 1.5979546 1.6143071 1.3176838 1.5915557 1.2249277 1.6280873 1.6051903 1.3675750 1.3668210 1.6050525 1.6026714 1.6445123 1.4188452 1.6342038 1.3225190 1.6428323 1.6223339 1.6586664 1.6628844 1.6084845 1.8344717 
Bovine_coronavirus_R-AH187_EF424620_                 0.4256649 0.4310833 0.0415201 1.2463307 1.2445979 0.6103854 0.6091491 0.6539753 1.2407507 1.2618436 0.4337285 0.4339023 1.2197417 0.5870013 0.6926653 0.6926653 0.6795034 0.6971791 0.6870656 0.6903895 0.6730778 0.6756315 0.6795034 0.6909742 0.6730778 1.0048486 0.7281860 0.7281860 0.7554308 0.7157139 0.6743885 0.6784276 0.7043528 1.4820646 1.5158046 1.2300974 1.3073629 1.3075022 1.2695776 1.3313686 1.3026977 0.0000000 0.0043092 0.0041452 1.8968840 0.0051420 0.8088875 1.4836449 0.7133330 0.7016515 1.6178384 1.6138912 1.5473264 0.1668383 1.6082792 1.2546593 1.5985036 1.5803686 1.2234945 1.2235695 1.6008404 1.5303438 1.6531502 1.3194643 1.5509412 0.1416972 1.5954111 1.6092511 1.6410434 1.5991410 1.6152599 1.8070310 
Sable_antelope_coronavirus_US_OH1_2003_EF424621_     0.4251838 0.4301611 0.0417085 1.2456812 1.2428821 0.6086844 0.6074503 0.6582045 1.2414463 1.2613918 0.4323628 0.4324983 1.2164951 0.5750800 0.6920291 0.6920291 0.6788742 0.6965412 0.6864320 0.6897553 0.6724525 0.6750027 0.6788742 0.6903375 0.6724525 1.0345993 0.7349815 0.7349815 0.7624104 0.7224416 0.6737527 0.6777868 0.7036987 1.4833350 1.5187381 1.2272002 1.3042528 1.3043917 1.2673269 1.3313748 1.3037624 0.0043092 0.0000000 0.0002946 1.8916358 0.0055400 0.8229200 1.4861475 0.7126085 0.7009377 1.6140026 1.6085083 1.5468905 0.1654004 1.6036529 1.2528936 1.6010766 1.5795801 1.2204046 1.2202996 1.5958302 1.5297922 1.6521148 1.3160331 1.5518164 0.1410602 1.5957923 1.6118219 1.6438875 1.5988818 1.6082397 1.8051147 
Giraffe_coronavirus_US_OH3_2003_EF424623_            0.4251719 0.4296347 0.0414877 1.2454221 1.2424160 0.6086844 0.6074503 0.6582045 1.2409823 1.2611154 0.4320053 0.4319696 1.2171489 0.5750800 0.6920291 0.6920291 0.6788742 0.6965412 0.6864320 0.6897553 0.6724525 0.6750027 0.6788742 0.6903375 0.6724525 1.0345993 0.7349815 0.7349815 0.7624104 0.7224416 0.6737527 0.6777868 0.7036987 1.4843469 1.5197131 1.2275798 1.3050431 1.3051820 1.2686026 1.3326645 1.3052795 0.0041452 0.0002946 0.0000000 1.8927069 0.0053770 0.8229200 1.4883628 0.7126085 0.7009377 1.6162956 1.6101838 1.5478374 0.1656382 1.6050493 1.2527967 1.6030266 1.5800877 1.2199739 1.2198689 1.5978480 1.5314891 1.6537882 1.3169117 1.5532256 0.1407279 1.5977934 1.6130072 1.6456887 1.5998605 1.6103913 1.8056238 
Munia_coronavirus_HKU13-3514_FJ376622_               1.9436603 1.9159607 1.9021462 1.8525510 1.8655511 1.0257229 1.0250470 1.0253532 1.8746953 1.8698440 1.9102433 1.9121581 2.0178722 0.9473218 0.8794152 0.8794150 0.8648856 0.8914979 0.8726951 0.8831413 0.8862828 0.8607270 0.8648856 0.8973319 0.8862828 0.4811854 1.0174348 1.0174348 0.9866742 1.0208783 0.8803677 0.8851170 0.8897094 1.7606963 1.7608141 2.0205616 2.0098806 2.0094443 1.8565466 1.8646268 1.8570337 1.8968840 1.8916358 1.8927069 0.0000000 1.8913430 0.9387856 1.8446843 0.9139441 0.9945770 1.7157856 1.7158762 1.7715953 1.9022870 1.7404583 1.8595676 1.8170289 1.7724506 1.9754551 1.9711825 1.7264531 1.7490775 1.7522853 2.0082711 1.9419517 1.9040751 1.7985608 1.7967884 1.7459991 1.8465381 1.7480986 0.5646199 
Waterbuck_coronavirus_US_OH-WD358-GnC_1994_FJ425185_ 0.4244756 0.4295518 0.0397644 1.2459840 1.2439387 0.6122078 0.6109690 0.6538972 1.2421685 1.2609656 0.4319818 0.4322508 1.2161946 0.5785383 0.6829080 0.6829080 0.6698933 0.6873820 0.6773657 0.6806700 0.6635461 0.6660396 0.6698933 0.6812151 0.6635461 1.0308727 0.7245976 0.7245976 0.7516697 0.7121960 0.6646943 0.6686448 0.6942833 1.4844055 1.5183779 1.2272101 1.3035228 1.3036618 1.2692498 1.3335208 1.3068446 0.0051420 0.0055400 0.0053770 1.8913430 0.0000000 0.8088875 1.4888761 0.7021529 0.6906810 1.6162760 1.6121687 1.5458545 0.1650629 1.6054826 1.2558679 1.5925009 1.5768465 1.2194313 1.2193261 1.5995895 1.5296952 1.6520842 1.3142741 1.5480187 0.1405680 1.5954301 1.6123893 1.6422703 1.6009364 1.6141386 1.8066364 
Coronavirus_P.pipi_VM314_2008_NLD_GQ259977_          0.8119788 0.7193066 0.8065897 0.6672082 0.7387279 0.3466037 0.3466037 0.2485415 0.6870464 0.6976594 0.7535479 0.7658629 0.3456483 0.3456483 0.2433739 0.2433739 0.2538058 0.2441720 0.2391853 0.2395497 0.2527311 0.2538058 0.2538058 0.2638307 0.2527311 0.1944042 0.2504561 0.2504561 0.2512097 0.2415342 0.2536813 0.2584054 0.2391853 0.8720432 0.8646465 0.3466037 0.2485415 0.2485415 0.6412343 0.7293537 0.6728775 0.8088875 0.8229200 0.8229200 0.9387856 0.8088875 0.0000000 0.9144313 0.1925908 0.2213854 0.8602221 0.8433482 0.8988251 0.7669031 0.7347070 0.7604263 1.0743205 1.1425430 0.1418794 0.1418794 0.8136100 0.8245434 1.0059186 0.2668805 1.0959188 0.7967122 0.9488099 0.9262520 0.8760600 0.8133008 0.7738309 0.8955888 
Mink_coronavirus_strain_WD1127_HM245925_             1.5798229 1.5109817 1.4995230 1.6142545 1.6123824 0.7497698 0.7504406 0.8459525 1.6077099 1.6123443 1.4941400 1.5081411 1.6369456 0.7850865 0.6748772 0.6748772 0.6851381 0.6827271 0.6694319 0.6696732 0.6706006 0.6813209 0.6851381 0.6833364 0.6706006 1.1851582 0.7347430 0.7347430 0.7408129 0.7087092 0.6632853 0.6606359 0.6784817 0.6272024 0.6435354 1.6356264 1.7256626 1.7250931 1.6556892 1.6957668 1.6357952 1.4836449 1.4861475 1.4883628 1.8446843 1.4888761 0.9144313 0.0000000 0.9355853 0.7920628 1.6155613 1.6080069 0.7049286 1.5022816 1.6356268 1.6045589 0.9685788 0.9466409 1.6341772 1.6327557 1.6299704 0.6712308 1.0149086 1.7282399 1.0439362 1.4866598 0.9963931 0.9886939 1.0286718 1.7746224 1.6321632 1.7703223 
Betacoronavirus_H.sav_J_Spain_2007_HQ184059_         0.6798699 0.6886696 0.6997445 0.6846443 0.6916286 0.2921900 0.2921900 0.2035868 0.6790634 0.7663444 0.6670341 0.6765012 0.2943947 0.2943947 0.1935821 0.2009517 0.2111529 0.2078946 0.1973458 0.2114287 0.2157499 0.2111529 0.2111529 0.2089581 0.2157499 0.1473299 0.2147895 0.2147895 0.2046983 0.2079933 0.2164217 0.2237303 0.1973458 0.8426043 0.8200528 0.2921900 0.2035868 0.2035868 0.6563155 0.7818871 0.6726008 0.7133330 0.7126085 0.7126085 0.9139441 0.7021529 0.1925908 0.9355853 0.0000000 0.1958339 0.8474768 0.7667676 0.8470555 0.6337082 0.8577614 0.6751016 1.0224642 0.9725618 0.1641954 0.1641954 0.8490407 0.8132394 1.0548572 0.2114824 0.9871966 0.7129661 0.9511317 0.9139265 0.8170286 0.8532124 0.8179673 0.8999387 
Betacoronavirus_E.isa_M_Spain_2007_HQ184062_         0.6852974 0.7361864 0.6883075 0.6890492 0.6911296 0.2859079 0.2859079 0.2126606 0.6453203 0.7372825 0.7363042 0.7317343 0.2894981 0.2894981 0.2359427 0.2317674 0.2199909 0.2466423 0.2324348 0.2427498 0.2356072 0.2199909 0.2199909 0.2210859 0.2356072 0.2348226 0.2366692 0.2366692 0.2382341 0.2374712 0.2363437 0.2437606 0.2324348 0.7526363 0.7391557 0.2859079 0.2126606 0.2126606 0.7996541 0.8228242 0.7997368 0.7016515 0.7009377 0.7009377 0.9945770 0.6906810 0.2213854 0.7920628 0.1958339 0.0000000 0.8346704 0.8166151 0.7949162 0.7037715 0.8037493 0.6860850 1.0211620 0.9526242 0.1964087 0.1964087 0.7661101 0.7802853 0.9159917 0.2230941 0.9061552 0.7164075 0.9127442 0.8606598 0.8392755 0.8873054 0.7642893 0.9051807 
Infectious_bronchitis_virus_HQ850618_                1.6590593 1.5910833 1.6085513 1.6119707 1.6032978 0.7132508 0.7139088 0.7746874 1.6013819 1.5955504 1.5844136 1.5956559 1.6726296 0.6387286 0.7887757 0.7978991 0.7726337 0.7947018 0.7826533 0.7945696 0.7917525 0.7686341 0.7726337 0.7790809 0.7917525 1.0431721 0.8509830 0.8509830 0.8654107 0.8453480 0.7921947 0.7897499 0.7972592 1.5857484 1.5981782 1.6747649 1.7917073 1.7916213 1.5997501 1.6324961 1.5992827 1.6178384 1.6140026 1.6162956 1.7157856 1.6162760 0.8602221 1.6155613 0.8474768 0.8346704 0.0000000 0.1118450 1.6101747 1.6265117 0.1404590 1.6152218 1.6130862 1.5919431 1.7167341 1.7142306 0.1581913 1.6152195 1.7055955 1.7964456 1.6512804 1.6260303 1.6863845 1.6600763 1.6610230 1.3112321 0.2038483 1.6433911 
