34
OC43_HCoV-OC43_AY903460        0.0000000 0.0479584 0.0322505 0.0274883 0.0274883 1.1200915 1.1200915 1.1061136 1.3470884 1.1941575 1.1941575 1.1729764 1.1211606 1.1644218 1.1644218 1.1363098 1.2238555 1.1357104 1.1357104 1.1357104 1.0657660 1.0106591 1.0106591 1.0409466 1.0628209 1.0348908 1.4796688 1.2490006 1.2832165 1.2832165 1.2832165 1.2251553 1.2251553 1.5985744 
Equinecoronavirus_NC_010327    0.0479584 0.0000000 0.0225367 0.0272764 0.0272764 1.1255221 1.1255221 1.1111524 1.4229950 1.2784936 1.2784936 1.1899473 1.1371229 1.1815274 1.1815274 1.1528623 1.2427161 1.1165913 1.1165913 1.1165913 1.0777747 1.0743705 1.0743705 1.1077322 1.0785465 1.0504042 1.4964544 1.2626349 1.2972004 1.3332217 1.3332217 1.2438998 1.2438998 1.5635469 
US_OH-WD358-GnC_1994_FJ425185  0.0322505 0.0225367 0.0000000 0.0043144 0.0043144 1.0990516 1.0990516 1.0857379 1.3791186 1.3218030 1.3218030 1.2287292 1.1145211 1.1569896 1.1569896 1.1292817 1.2157609 1.0691266 1.0691266 1.0691266 1.0563910 1.0028650 1.0028650 1.0322727 1.0571849 1.0299478 1.4595259 1.2342458 1.2675727 1.2675727 1.2675727 1.2866520 1.2866520 1.5635469 
US_OH3_2003_EF424623           0.0274883 0.0272764 0.0043144 0.0000000 0.0000010 1.0737869 1.0737869 1.0614471 1.4291607 1.3622090 1.3622090 1.2648641 1.1452433 1.1904136 1.1904136 1.1613650 1.2525446 1.0982026 1.0982026 1.0982026 1.0853486 1.0292015 1.0292015 1.0600818 1.0861173 1.0575848 1.5097793 1.2730081 1.3080335 1.3080335 1.3080335 1.3266199 1.3266199 1.6280796 
US_OH1_2003_EF424621           0.0274883 0.0272764 0.0043144 0.0000010 0.0000000 1.0737869 1.0737869 1.0614471 1.4291607 1.3622090 1.3622090 1.2648641 1.1452433 1.1904136 1.1904136 1.1613650 1.2525446 1.0982026 1.0982026 1.0982026 1.0853486 1.0292015 1.0292015 1.0600818 1.0861173 1.0575848 1.5097793 1.2730081 1.3080335 1.3080335 1.3080335 1.3266199 1.3266199 1.6280796 
HKU4-3_EF065507                1.1200915 1.1255221 1.0990516 1.0737869 1.0737869 0.0000000 0.0000010 0.0223109 0.5761943 0.4510712 0.4510712 0.4275987 0.4440103 0.4123709 0.4089394 0.4040675 0.4153926 0.3979476 0.3979476 0.3979476 0.4175728 0.4091547 0.4091547 0.4061191 0.4139258 0.4220521 0.4078740 0.3860423 0.4044720 0.4142538 0.4142538 0.5422098 0.5422098 0.6221113 
HKU4_DQ249216                  1.1200915 1.1255221 1.0990516 1.0737869 1.0737869 0.0000010 0.0000000 0.0223109 0.5761943 0.4510712 0.4510712 0.4275987 0.4440103 0.4123709 0.4089394 0.4040675 0.4153926 0.3979476 0.3979476 0.3979476 0.4175728 0.4091547 0.4091547 0.4061191 0.4139258 0.4220521 0.4078740 0.3860423 0.4044720 0.4142538 0.4142538 0.5422098 0.5422098 0.6221113 
BtCoV_242_2005_DQ648803        1.1061136 1.1111524 1.0857379 1.0614471 1.0614471 0.0223109 0.0223109 0.0000000 0.5719892 0.4790110 0.4790110 0.4544809 0.4551909 0.4228498 0.4194363 0.4144624 0.4262433 0.4080898 0.4080898 0.4080898 0.4283272 0.4195880 0.4195880 0.4165917 0.4244702 0.4327477 0.4532109 0.4186368 0.4387410 0.4493626 0.4493626 0.5342309 0.5342309 0.6215813 
H.sav_J_Spain_2007_HQ184059    1.3470884 1.4229950 1.3791186 1.4291607 1.4291607 0.5761943 0.5761943 0.5719892 0.0000000 0.3265240 0.3265240 0.3513508 0.3509750 0.3255542 0.3094026 0.3147567 0.3147567 0.3386474 0.3386474 0.3386474 0.3638693 0.3490465 0.3490465 0.3506488 0.3325328 0.3345971 0.3305934 0.3002161 0.3372408 0.3499435 0.3499435 0.2283052 0.2283052 0.2269448 
HKU5-5_EF065512                1.1941575 1.2784936 1.3218030 1.3622090 1.3622090 0.4510712 0.4510712 0.4790110 0.3265240 0.0000000 0.0000010 0.0423712 0.0704248 0.0627833 0.0566468 0.0594633 0.0576082 0.0751077 0.0751077 0.0751077 0.0643622 0.0574833 0.0574833 0.0580784 0.0652906 0.0684256 0.0578496 0.0538773 0.0580399 0.0514204 0.0514204 0.2456438 0.2456438 0.3381064 
HKU5-2_EF065510                1.1941575 1.2784936 1.3218030 1.3622090 1.3622090 0.4510712 0.4510712 0.4790110 0.3265240 0.0000010 0.0000000 0.0423712 0.0704248 0.0627833 0.0566468 0.0594633 0.0576082 0.0751077 0.0751077 0.0751077 0.0643622 0.0574833 0.0574833 0.0580784 0.0652906 0.0684256 0.0578496 0.0538773 0.0580399 0.0514204 0.0514204 0.2456438 0.2456438 0.3381064 
HKU5_NC028909                  1.1729764 1.1899473 1.2287292 1.2648641 1.2648641 0.4275987 0.4275987 0.4544809 0.3513508 0.0423712 0.0423712 0.0000000 0.0707528 0.0687625 0.0624665 0.0653308 0.0663532 0.0783438 0.0783438 0.0783438 0.0789007 0.0748508 0.0748508 0.0723412 0.0769047 0.0801697 0.0613318 0.0665516 0.0711185 0.0705708 0.0705708 0.2998043 0.2998043 0.3937910 
BtCoV_365A_2005_DQ648813       1.1211606 1.1371229 1.1145211 1.1452433 1.1452433 0.4440103 0.4440103 0.4551909 0.3509750 0.0704248 0.0704248 0.0707528 0.0000000 0.0375145 0.0431895 0.0459314 0.0466320 0.0350259 0.0350259 0.0350259 0.0410618 0.0350338 0.0350338 0.0353735 0.0429639 0.0458401 0.0696561 0.0684159 0.0799089 0.0792627 0.0792627 0.3189902 0.3189902 0.3716359 
BtCoV_303_2005_DQ648805        1.1644218 1.1815274 1.1569896 1.1904136 1.1904136 0.4123709 0.4123709 0.4228498 0.3255542 0.0627833 0.0627833 0.0687625 0.0375145 0.0000000 0.0046337 0.0069845 0.0070799 0.0453848 0.0453848 0.0454820 0.0376004 0.0317361 0.0317361 0.0321005 0.0291532 0.0318161 0.0711653 0.0512251 0.0616878 0.0683213 0.0683213 0.2885798 0.2885798 0.3101564 
BtCoV_301_2005_DQ648804        1.1644218 1.1815274 1.1569896 1.1904136 1.1904136 0.4089394 0.4089394 0.4194363 0.3094026 0.0566468 0.0566468 0.0624665 0.0431895 0.0046337 0.0000000 0.0022944 0.0023255 0.0453848 0.0453848 0.0454820 0.0432874 0.0371808 0.0371808 0.0376172 0.0291532 0.0318161 0.0640466 0.0447202 0.0547839 0.0612224 0.0612224 0.2847247 0.2847247 0.3207063 
BtCoV_311A_2005_DQ648808       1.1363098 1.1528623 1.1292817 1.1613650 1.1613650 0.4040675 0.4040675 0.4144624 0.3147567 0.0594633 0.0594633 0.0653308 0.0459314 0.0069845 0.0022944 0.0000000 0.0000010 0.0427444 0.0427444 0.0428354 0.0460363 0.0398326 0.0398326 0.0403034 0.0317224 0.0344151 0.0672714 0.0477534 0.0579548 0.0644513 0.0644513 0.2894626 0.2894626 0.3143456 
BtCoV_A957_2005_DQ648853       1.2238555 1.2427161 1.2157609 1.2525446 1.2525446 0.4153926 0.4153926 0.4262433 0.3147567 0.0576082 0.0576082 0.0663532 0.0466320 0.0070799 0.0023255 0.0000010 0.0000000 0.0433860 0.0433860 0.0434799 0.0464563 0.0404241 0.0404241 0.0406655 0.0321831 0.0349190 0.0672714 0.0477534 0.0579548 0.0644513 0.0644513 0.2968628 0.2968628 0.3143456 
BtCoV_364A_2005_DQ648812       1.1357104 1.1165913 1.0691266 1.0982026 1.0982026 0.3979476 0.3979476 0.4080898 0.3386474 0.0751077 0.0751077 0.0783438 0.0350259 0.0453848 0.0453848 0.0427444 0.0433860 0.0000000 0.0000010 0.0000010 0.0322206 0.0265566 0.0265566 0.0268565 0.0290439 0.0316955 0.0700083 0.0626255 0.0733772 0.0672111 0.0672111 0.2865510 0.2865510 0.3449611 
BtCoV_309_2005_DQ648806        1.1357104 1.1165913 1.0691266 1.0982026 1.0982026 0.3979476 0.3979476 0.4080898 0.3386474 0.0751077 0.0751077 0.0783438 0.0350259 0.0453848 0.0453848 0.0427444 0.0433860 0.0000010 0.0000000 0.0000010 0.0322206 0.0265566 0.0265566 0.0268565 0.0290439 0.0316955 0.0700083 0.0626255 0.0733772 0.0672111 0.0672111 0.2865510 0.2865510 0.3449611 
BtCoV_363A_2005_DQ648811       1.1357104 1.1165913 1.0691266 1.0982026 1.0982026 0.3979476 0.3979476 0.4080898 0.3386474 0.0751077 0.0751077 0.0783438 0.0350259 0.0454820 0.0454820 0.0428354 0.0434799 0.0000010 0.0000010 0.0000000 0.0322206 0.0266096 0.0266096 0.0268565 0.0291022 0.0317598 0.0700083 0.0626255 0.0733772 0.0672111 0.0672111 0.2865510 0.2865510 0.3449611 
BtCoV_908_2005_DQ648847        1.0657660 1.0777747 1.0563910 1.0853486 1.0853486 0.4175728 0.4175728 0.4283272 0.3638693 0.0643622 0.0643622 0.0789007 0.0410618 0.0376004 0.0432874 0.0460363 0.0464563 0.0322206 0.0322206 0.0322206 0.0000000 0.0046851 0.0046851 0.0046851 0.0268633 0.0295248 0.0731083 0.0534077 0.0637765 0.0639640 0.0639640 0.3083813 0.3083813 0.3395273 
BtCoV_367A_2005_DQ648814       1.0106591 1.0743705 1.0028650 1.0292015 1.0292015 0.4091547 0.4091547 0.4195880 0.3490465 0.0574833 0.0574833 0.0748508 0.0350338 0.0317361 0.0371808 0.0398326 0.0404241 0.0265566 0.0265566 0.0266096 0.0046851 0.0000000 0.0000010 0.0000010 0.0214166 0.0239691 0.0663219 0.0471171 0.0571496 0.0573074 0.0573074 0.3003534 0.3003534 0.3266539 
BtCoV_359A_2005_DQ648810       1.0106591 1.0743705 1.0028650 1.0292015 1.0292015 0.4091547 0.4091547 0.4195880 0.3490465 0.0574833 0.0574833 0.0748508 0.0350338 0.0317361 0.0371808 0.0398326 0.0404241 0.0265566 0.0265566 0.0266096 0.0046851 0.0000010 0.0000000 0.0000010 0.0214166 0.0239691 0.0663219 0.0471171 0.0571496 0.0573074 0.0573074 0.3003534 0.3003534 0.3266539 
BtCoV_A906_2005_DQ648846       1.0409466 1.1077322 1.0322727 1.0600818 1.0600818 0.4061191 0.4061191 0.4165917 0.3506488 0.0580784 0.0580784 0.0723412 0.0353735 0.0321005 0.0376172 0.0403034 0.0406655 0.0268565 0.0268565 0.0268565 0.0046851 0.0000010 0.0000010 0.0000000 0.0216534 0.0242370 0.0664894 0.0472287 0.0572913 0.0574500 0.0574500 0.3048065 0.3048065 0.3286585 
BtCoV_310A_2005_DQ648807       1.0628209 1.0785465 1.0571849 1.0861173 1.0861173 0.4139258 0.4139258 0.4244702 0.3325328 0.0652906 0.0652906 0.0769047 0.0429639 0.0291532 0.0291532 0.0317224 0.0321831 0.0290439 0.0290439 0.0291022 0.0268633 0.0214166 0.0214166 0.0216534 0.0000000 0.0069412 0.0820400 0.0620711 0.0726953 0.0729221 0.0729221 0.2905575 0.2905575 0.3236754 
BtCoV_355A_2005_DQ648809       1.0348908 1.0504042 1.0299478 1.0575848 1.0575848 0.4220521 0.4220521 0.4327477 0.3345971 0.0684256 0.0684256 0.0801697 0.0458401 0.0318161 0.0318161 0.0344151 0.0349190 0.0316955 0.0316955 0.0317598 0.0295248 0.0239691 0.0239691 0.0242370 0.0069412 0.0000000 0.0856967 0.0654428 0.0762614 0.0765070 0.0765070 0.2793289 0.2793289 0.3199515 
BtCoV_A434_2005_DQ648819       1.4796688 1.4964544 1.4595259 1.5097793 1.5097793 0.4078740 0.4078740 0.4532109 0.3305934 0.0578496 0.0578496 0.0613318 0.0696561 0.0711653 0.0640466 0.0672714 0.0672714 0.0700083 0.0700083 0.0700083 0.0731083 0.0663219 0.0663219 0.0664894 0.0820400 0.0856967 0.0000000 0.0400445 0.0400956 0.0458953 0.0458953 0.2879181 0.2879181 0.3389668 
BtCoV_A421_2005_DQ648815       1.2490006 1.2626349 1.2342458 1.2730081 1.2730081 0.3860423 0.3860423 0.4186368 0.3002161 0.0538773 0.0538773 0.0665516 0.0684159 0.0512251 0.0447202 0.0477534 0.0477534 0.0626255 0.0626255 0.0626255 0.0534077 0.0471171 0.0471171 0.0472287 0.0620711 0.0654428 0.0400445 0.0000000 0.0127233 0.0179958 0.0179958 0.2982704 0.2982704 0.3112868 
BtCoV_A437_2005_DQ648820       1.2832165 1.2972004 1.2675727 1.3080335 1.3080335 0.4044720 0.4044720 0.4387410 0.3372408 0.0580399 0.0580399 0.0711185 0.0799089 0.0616878 0.0547839 0.0579548 0.0579548 0.0733772 0.0733772 0.0733772 0.0637765 0.0571496 0.0571496 0.0572913 0.0726953 0.0762614 0.0400956 0.0127233 0.0000000 0.0099907 0.0099907 0.3244135 0.3244135 0.3112868 
BtCoV_A433_2005_DQ648818       1.2832165 1.3332217 1.2675727 1.3080335 1.3080335 0.4142538 0.4142538 0.4493626 0.3499435 0.0514204 0.0514204 0.0705708 0.0792627 0.0683213 0.0612224 0.0644513 0.0644513 0.0672111 0.0672111 0.0672111 0.0639640 0.0573074 0.0573074 0.0574500 0.0729221 0.0765070 0.0458953 0.0179958 0.0099907 0.0000000 0.0000010 0.3226312 0.3226312 0.3221279 
BtCoV_A429_2005_DQ648817       1.2832165 1.3332217 1.2675727 1.3080335 1.3080335 0.4142538 0.4142538 0.4493626 0.3499435 0.0514204 0.0514204 0.0705708 0.0792627 0.0683213 0.0612224 0.0644513 0.0644513 0.0672111 0.0672111 0.0672111 0.0639640 0.0573074 0.0573074 0.0574500 0.0729221 0.0765070 0.0458953 0.0179958 0.0099907 0.0000010 0.0000000 0.3226312 0.3226312 0.3221279 
England1_KC164505              1.2251553 1.2438998 1.2866520 1.3266199 1.3266199 0.5422098 0.5422098 0.5342309 0.2283052 0.2456438 0.2456438 0.2998043 0.3189902 0.2885798 0.2847247 0.2894626 0.2968628 0.2865510 0.2865510 0.2865510 0.3083813 0.3003534 0.3003534 0.3048065 0.2905575 0.2793289 0.2879181 0.2982704 0.3244135 0.3226312 0.3226312 0.0000000 0.0000010 0.1642939 
EMC_2012_JX869059              1.2251553 1.2438998 1.2866520 1.3266199 1.3266199 0.5422098 0.5422098 0.5342309 0.2283052 0.2456438 0.2456438 0.2998043 0.3189902 0.2885798 0.2847247 0.2894626 0.2968628 0.2865510 0.2865510 0.2865510 0.3083813 0.3003534 0.3003534 0.3048065 0.2905575 0.2793289 0.2879181 0.2982704 0.3244135 0.3226312 0.3226312 0.0000010 0.0000000 0.1642939 
P.pipi_VM314_2008_NLD_GQ259977 1.5985744 1.5635469 1.5635469 1.6280796 1.6280796 0.6221113 0.6221113 0.6215813 0.2269448 0.3381064 0.3381064 0.3937910 0.3716359 0.3101564 0.3207063 0.3143456 0.3143456 0.3449611 0.3449611 0.3449611 0.3395273 0.3266539 0.3266539 0.3286585 0.3236754 0.3199515 0.3389668 0.3112868 0.3112868 0.3221279 0.3221279 0.1642939 0.1642939 0.0000000 
